1941
6324
8184
2037
18912
9276
1086
2431
5307
5971
25000
5999
23377
7896
17003
12276
14835
783
23296
3746
20582
27009
10452
3600
22599
20139
27549
12291
14877
18019
7478
11497
4648
4642
18303
24113
23410
12274
18080
19908
24207
20648
2229
589
2848
19243
19135
16388
1457
24229
673
13567
9378
18935
20389
6650
7307
14183
7597
11685
5018
16105
19657
10068
10023
7703
21189
2611
15951
5481
6364
15304
6293
21068
2492
12019
25205
4644
7468
7064
7074
16160
20704
19736
8350
19515
2261
14833
9618
3038
3790
134
7434
3185
20039
8826
19270
13750
11811
7625
25627
15014
5359
27470
22388
19146
16814
16689
3879
12848
18998
3264
9082
14424
20736
18084
811
21415
10749
12662
23331
14799
18726
18214
17394
27564
9810
2114
6476
13792
19928
9414
20639
25350
25996
3897
13233
14689
14107
24100
24963
3090
15346
18082
19206
15070
12243
17416
14409
10579
102
9243
9114
25740
27227
1877
16722
21099
1556
19745
23342
26812
351
12801
24038
15363
14351
1005
17788
2335
5958
19107
17555
27066
1427
19636
355
10527
18437
4910
11282
10942
22910
6987
17928
5632
17764
13782
15747
15901
21259
1994
9812
18465
5669
10938
472
18462
27496
19297
24468
4107
9951
26814
4559
20834
16679
3065
14783
6097
26903
13532
20055
18622
27381
19592
11789
21875
1729
17046
6503
13981
15805
17529
6584
23389
14860
8824
4610
2435
9878
23912
23065
25661
24411
15923
6665
575
9817
23339
26146
4424
10238
8510
10604
7273
918
22460
24632
25236
3236
17040
12852
24539
5464
11117
16227
7449
10993
16732
17886
11219
9353
23148
7425
22991
1754
295
12494
19610
20870
26600
2799
22629
24785
16335
3055
17607
23814
5032
17218
13343
20321
4712
9487
14155
6385
2345
15269
12149
19099
15341
5790
3650
23251
8678
10669
2857
18758
23683
26426
24854
18400
12950
19367
1620
25731
14181
18660
9922
9815
21643
11189
10389
6558
2751
11398
485
9006
12658
24650
23081
23287
22730
2444
23640
12245
12235
1657
22292
17005
23822
25616
11097
14126
11
136
24700
27058
17894
16082
20627
16204
16991
3081
15099
21644
8303
22409
19943
22756
2456
12151
19355
5531
15270
8389
175
17955
26325
10343
24269
21634
15528
3980
474
3452
21203
5742
18308
26782
24596
2011
17748
1934
8485
16017
10542
18677
23002
3938
10468
8638
20989
7303
13838
8183
18144
22594
10172
25774
20342
18775
6314
23815
12653
12495
320
4805
8349
26021
17214
19449
19394
24248
21329
17944
25381
2706
19453
13803
16182
11617
25129
23764
3958
10323
4055
20658
4803
10622
10597
20062
16107
27732
8198
18932
21397
13715
13030
17946
13565
24547
21627
10260
9612
25732
11077
16009
7983
18043
17010
27128
23453
27753
14196
22110
7823
7471
24981
8062
8537
23055
659
10334
26249
16902
25405
6484
21136
10028
11541
7646
5608
12939
15641
18427
7049
13501
23608
26391
12070
13228
15041
24814
8012
3594
23854
10392
63
25457
7614
25962
21094
4633
22260
22008
4841
19346
14624
9585
20777
21039
14038
17767
15781
17841
20853
16342
14327
15285
15222
19174
19833
21155
27038
17170
15253
4066
2577
22772
24348
8916
14004
24340
4992
12546
25322
11638
1436
24838
7447
16314
15511
10966
16612
13579
24705
15986
16278
13450
1270
4017
1953
26219
10990
13201
18097
1917
15662
11205
9910
22099
10781
13744
16070
11659
15049
5432
2544
23800
23694
6603
14117
3223
12048
7531
6216
14261
12600
4155
12024
20460
5991
26960
6214
4126
7017
26299
9932
12881
11093
2626
9166
23121
1603
16873
14555
16485
12515
152
25803
14875
24884
6249
11830
14704
8548
5056
287
14021
14133
26776
24235
1179
11522
12851
8795
14973
21166
9586
3230
5781
7397
24810
27725
18570
16868
393
22674
22291
16174
17199
17766
22499
17523
11618
12201
27430
11089
25762
8079
1079
10697
25906
8491
16783
27102
19750
8811
16943
8230
17497
19574
27578
1409
8563
16534
16041
2267
8873
6547
16350
15183
24946
5273
7127
12478
23804
23771
17884
2526
12032
7004
20567
7050
2717
9229
18688
1055
8474
5926
7672
2364
565
19252
6055
21769
14120
27240
9720
27214
21451
1483
5618
25799
5853
7250
15124
14194
17230
2093
6941
1903
6676
4930
1469
24408
12216
7423
23666
20117
23000
3855
17395
22026
13055
11418
15067
16824
5601
27278
15439
2867
9991
15482
23709
5499
22987
20380
12571
2677
19186
10725
479
24161
18532
10978
27182
21581
417
6864
8925
10879
1891
4878
9101
26688
20178
14969
22946
2681
2354
14937
20783
15352
26456
8535
26867
11760
12853
640
20155
23823
17736
25690
661
12420
24260
15383
9939
12452
19545
27314
8689
5095
4706
5436
4802
13218
26164
13196
23652
26275
26118
5629
1969
19561
12306
16805
11109
21507
14631
19405
23463
22116
2072
9955
15450
17037
15451
12441
27003
18672
14995
25157
14173
2344
5738
22205
456
20997
12873
26711
24524
15265
11795
23625
6369
3921
1678
19825
4959
19838
12012
11238
13812
11986
14350
23744
18612
15390
12812
20344
7731
23593
20221
605
16898
9706
9554
11929
15299
382
27371
12792
15337
8208
25814
14167
7920
562
8696
17206
22558
17583
1787
7535
5061
12305
14208
25816
8634
14242
15418
14849
25607
23047
19225
6037
15340
26215
11761
15195
25306
15382
11570
6150
17606
2066
6205
24817
16760
20142
24440
24799
16430
4638
17839
4852
10189
26571
5402
13094
8592
11236
23562
18028
10637
17705
19343
27024
17091
13023
19374
13688
3376
8883
12360
20613
6130
11957
10939
10541
13337
11225
27679
8338
13811
23191
16851
8579
26479
18248
26424
11224
9646
16635
7469
18812
25085
26471
947
27731
7576
26833
15860
14240
8983
25172
12080
20156
8746
27663
24898
10092
6847
19485
22989
12825
7817
15134
2552
22231
21441
15956
8028
11053
18254
27443
10881
6908
23425
11064
26030
13593
10612
9342
24966
16371
24367
5833
9971
3561
15330
14269
341
4487
19362
19250
20328
8785
20707
7040
23403
21277
18925
22167
20554
2959
23010
23518
20889
21430
12846
3393
2805
19752
9824
16683
16271
17792
6816
16129
18032
2201
15763
9906
21411
22316
587
8633
15843
25882
14192
9116
3584
593
1118
7335
20945
15460
17120
3325
12136
21786
20694
1504
18752
12655
21275
14687
1132
13554
26295
7661
12593
8976
19361
18835
21777
10298
708
4807
27523
15830
2046
24550
12860
25642
18315
24556
5157
4569
25491
2929
25254
16659
9841
1926
8099
10547
13827
22935
429
1162
7505
15263
20249
12477
6972
25633
23607
20017
16698
2795
1139
11546
21291
4237
11950
24415
25101
24343
21406
23972
9337
26434
24174
8115
13050
1632
12597
6338
886
18577
16510
1447
18859
13672
6691
25193
11214
3682
5013
21626
24462
9847
7854
13118
15914
11152
2518
12842
20411
19319
1031
16257
25558
4454
17202
2437
2227
8269
8915
10894
17341
15003
4713
25166
4790
27790
25055
15261
23570
6063
13934
431
8441
10309
1610
19120
13720
21097
22919
5638
23987
12616
13538
5943
19907
11695
834
20967
11927
12350
3171
10557
11832
3636
4456
6930
15516
20800
12876
11396
15758
22283
8402
6183
13220
23530
26954
3127
2937
6250
17352
12974
13110
20294
8938
5468
9865
12703
27212
115
22450
12471
20832
13490
17979
23505
2031
21059
24328
19722
363
21434
672
4040
14379
4848
1443
15983
16003
22274
27575
3220
20014
18749
21436
14222
24240
14764
24656
20772
9480
3114
1300
19823
1083
27740
23022
21513
14951
23862
3712
13191
688
24227
13066
22286
24202
2142
12229
23964
14780
18086
16559
215
20397
26535
13057
17224
21601
2102
23278
27046
18663
25111
25531
8305
9929
17311
15033
7641
13479
454
7396
23927
20771
6180
23637
10909
22080
4336
6101
18928
2360
9889
17622
7609
3490
14798
11303
23236
14629
3285
9765
2635
24933
8114
9174
22414
9418
18681
23374
24327
16959
12437
25382
2336
24502
1651
3356
9589
61
8516
27449
21576
2855
24728
2129
308
6443
7793
10084
21301
24526
4091
16366
1747
3550
18848
23627
8216
20182
5519
23379
5872
3768
5617
5586
22199
18976
19999
6257
19419
645
23775
2957
9338
19336
13592
59
15097
5045
3202
25589
12211
14041
10742
401
20229
4825
9984
18814
19496
26650
10377
4251
23021
5846
17610
8023
22115
3155
18083
13224
21889
11221
27056
9596
6952
16440
14278
22879
7268
26160
5480
16420
10113
17408
1737
20346
7436
15116
26788
8536
25103
2599
16192
23997
13643
411
24653
9681
20113
6429
26972
9450
16113
26318
5573
2546
8674
16882
8443
16212
21554
8204
23658
5590
17276
1635
15348
12897
20637
5581
16124
24289
25214
26133
7000
7459
3575
19077
26066
6735
5656
3882
22874
11776
22519
21210
25992
20622
10875
8623
19929
9631
16338
17821
1028
16581
9678
19030
13894
27374
12343
2968
25121
11332
8820
13103
18957
7129
22600
13350
19651
5463
22814
17355
7075
23151
24757
1432
25756
3181
5212
18780
9336
14027
19661
27535
17099
5925
9218
9885
10351
1659
1624
7072
1061
10106
20350
8146
7704
5553
5630
17285
4555
19827
18435
13487
18803
12433
16058
7515
7388
26321
19751
4127
23305
23483
19357
23458
11502
13106
23239
6192
13695
5316
16703
7330
13302
5513
24851
9447
4719
22140
23665
14260
22086
23183
26756
11915
9326
2140
15714
5614
16127
19406
22952
24417
17833
9129
26240
25637
12259
734
3450
26208
7884
3957
14005
1387
20137
15610
6296
1171
25878
23975
27761
11383
13425
3543
10156
22596
927
11601
3869
13455
5774
18993
7944
4334
6459
20138
27468
1010
20174
12099
6391
21691
25511
20242
16250
10047
12531
22955
5951
14623
6696
9666
1723
18175
23729
16048
2324
14867
4589
15851
3895
21345
501
937
3023
4450
11220
6977
8319
10373
3486
2068
1758
23253
14226
14223
9499
18917
8136
7030
4612
15672
9315
1109
25517
11810
10144
14750
2813
15753
26262
2960
15150
5835
18445
8194
6222
22777
2158
25864
257
4548
11050
663
19991
25640
6561
4679
19192
15552
3535
20073
21290
22581
8161
8360
5525
24076
23561
17189
20465
17173
7249
6743
11791
12565
27767
18121
6593
14921
19801
2256
20835
24671
4657
24576
10445
16096
23348
13073
4175
2888
13394
22051
10136
23385
10228
8585
5713
14251
4709
5323
18396
19621
10262
1660
17690
5284
27177
6144
12233
14603
14339
15940
10285
17621
17360
20564
2524
18739
17025
7835
20996
19257
16786
9796
22031
21132
6289
14816
13639
6574
12502
22990
10509
4425
7979
10160
3302
23818
8604
12928
17999
6485
17102
9123
16104
3338
4233
18883
6910
16538
11822
12554
2693
26689
25341
8498
14363
4464
19305
24635
15797
27769
3187
26149
19302
11198
10937
15252
11850
17320
19007
1918
18350
1653
12324
3350
4209
5666
2382
21057
3881
7232
15741
17864
16223
22010
6794
8505
19918
17880
16906
4542
24074
20179
15928
4035
26580
21357
18091
21677
7325
3169
4700
7378
15327
21156
24099
19429
7588
6809
12491
3722
24329
19889
549
16724
2143
25094
13070
14905
17619
5106
25509
24058
20077
1848
19079
23111
666
26447
12785
18746
13992
9422
761
15885
18463
9022
9818
1215
7229
27482
18314
14649
26290
23397
25824
6630
2370
10327
5190
3677
25084
3369
19443
13202
27623
12488
10893
24216
891
5426
2912
20220
24586
13671
13331
18123
19687
13685
483
4761
7970
5200
21271
5574
13975
15291
12535
8694
25288
7166
5437
22480
18179
7905
10111
13505
19963
2623
8310
10070
18852
5396
10594
23157
4347
18635
22733
22007
17083
3666
2802
13108
15793
26774
21125
17063
4969
10386
6536
24427
8995
15895
5031
17357
2252
9416
14131
19425
23420
14716
17334
247
3596
3819
26061
22892
17521
18262
17986
25666
5053
9193
19022
3148
10876
18771
13424
24027
27025
8981
15920
23351
25354
8503
23907
21002
7363
26699
5988
27568
16286
22728
11232
10123
25434
23387
7239
27643
24569
10852
13446
19812
22168
11298
21486
12423
13987
20746
8512
51
18778
10275
7131
13588
27300
313
26999
11764
20879
167
17383
8851
21322
14360
2353
14986
4615
1766
13141
11113
5523
5521
7227
24783
4486
15975
4145
10080
6047
6103
16802
27291
6435
283
24081
7921
13380
27649
13492
17060
13162
25033
23075
7424
4148
25879
15079
9723
14037
19613
1885
12642
2920
15604
20540
12093
4859
8403
18843
24579
15414
14862
13404
18215
1607
844
7861
12004
25379
5815
23982
18652
6684
14598
2384
26489
9697
1241
5202
12900
718
19969
19339
20773
25675
22704
22873
5647
13783
10658
2764
24901
2240
26419
11474
12053
13261
6775
11992
18804
19738
12009
153
24789
21890
25817
19724
1860
22875
14397
5142
13718
24264
13503
12314
7027
21246
16948
23731
5294
7046
17494
26093
5040
3799
3392
24160
19647
21873
2146
20261
20228
11339
3167
10520
9301
7474
15318
5332
9359
19497
638
3567
19315
26220
1257
10280
26457
1077
23724
23249
12682
5252
763
1476
7907
3124
25416
9107
16101
6490
19559
23280
12865
282
24745
27452
11493
1597
5740
21496
1776
21838
25239
18994
14998
3807
16676
27506
20246
21980
7816
3993
3263
19071
16012
1996
7117
4643
13651
23874
24911
8139
16265
19886
21356
17131
92
17892
23136
15587
1681
15339
8619
14022
2184
20456
21955
27692
25117
17732
12965
7838
20725
8252
18659
13013
21456
23371
20845
18903
16005
5207
5489
4516
21835
20372
13828
5796
27544
5587
5501
13140
22740
695
18137
13046
23217
14630
23036
8039
12661
357
4202
16452
22498
16957
27446
17673
13412
21896
4596
13843
6643
16648
8570
12821
19338
26727
21172
15962
25044
3915
1644
8982
26414
1325
27005
13929
10772
23885
11177
12545
23188
1163
16451
7811
816
26498
9639
16267
2990
23919
8880
20225
12068
10607
25481
17682
23087
12260
11533
7222
11271
20416
15768
20910
27125
26352
26584
25576
20410
4522
18644
26459
15026
14195
25983
25670
20950
21222
4893
15669
22915
5996
17609
21046
13747
7418
14406
7862
22725
17038
142
17243
24185
27365
3773
11711
23609
13441
24171
22575
18496
27059
65
23320
7348
22233
21237
21930
3372
16596
1148
6208
24261
19312
2741
1035
24869
8225
9872
27136
7389
17652
7657
740
27655
12559
5570
12354
18719
21937
27
6166
5285
10239
1874
15679
24546
19678
10240
4374
22250
14097
20652
8206
3540
20656
20088
16114
1410
13097
10582
4927
22198
2342
10241
1359
24712
10700
157
25365
4232
23849
18815
11886
9700
19737
1698
15056
25437
11946
19847
22339
12806
5276
5592
22920
21487
3642
3723
16099
17431
18371
23942
26991
27186
8591
24907
10789
5278
4271
16033
4061
4734
14234
913
18824
43
14230
4302
26941
1669
2119
21628
18689
6573
18428
27219
6470
26739
18921
1185
5699
8300
7406
6830
22247
23514
7939
17562
1045
25938
23299
22041
14048
20480
1894
3940
14299
13732
20698
19717
631
2896
19289
9683
21129
25159
15544
6588
10076
9634
21421
17407
22038
25446
5382
16900
22742
21165
22564
12784
16308
27637
18552
23141
23407
8784
17762
8465
18866
8108
2705
21254
2664
10883
5295
13129
2603
26528
25989
24942
13856
3496
6346
8922
12577
6870
12081
5821
9788
20204
26268
8876
12719
17977
13893
20922
10319
3860
25808
5176
1020
24545
24493
13214
12064
10504
19197
15175
7578
11582
5932
20211
26892
2881
11166
2453
12414
21307
8078
24416
17503
17678
537
24179
26684
5143
18150
21817
10060
5760
22528
16782
17930
24822
8832
21191
24422
8550
25057
21
8667
17805
26025
19200
18064
24077
2029
20909
22009
12187
9504
24140
3333
15331
1825
11616
11429
16020
2769
14613
13195
11930
3215
6698
2700
16811
24353
16973
10592
4728
7690
25080
26562
27049
17400
3894
21135
6187
2172
23466
16916
9963
18022
5533
23967
18616
17660
25064
7975
4498
8262
23043
5299
15347
10044
22222
23132
9316
13250
27289
26342
8285
27130
16489
10471
17346
24718
19000
11197
7350
12311
12330
22895
15694
9138
17132
14144
22381
19958
4744
19369
22443
11549
23007
7902
17216
4045
14403
8182
8124
14146
16887
3499
7092
4206
5739
23042
21506
11335
25696
12199
16056
18167
11881
24796
11213
26866
12217
618
25229
16626
17620
26193
19467
23139
14172
4200
21751
21313
1733
1195
4538
11325
19211
529
6288
13467
26048
17709
19409
17950
16311
24756
5616
4579
25985
6098
13965
17553
8018
12139
25850
17651
4137
19281
22395
7991
17379
18742
24774
5283
14001
14616
17689
5950
335
27151
326
27341
4933
7691
7492
23254
18831
19035
11368
10485
12440
18623
7537
15588
22850
23429
24295
7163
21379
21286
1571
19585
11349
23373
11425
8754
22670
15521
9593
15392
21682
11331
9511
21803
14313
15881
6356
13905
18766
11393
15303
3175
5100
1666
10967
23130
22352
24836
2398
9016
27405
26298
11509
16844
21760
16358
11960
12215
11997
10459
2332
17204
24299
17409
9990
16369
27204
17775
24762
6649
26388
18358
3218
27611
9458
23597
23304
10012
19575
8793
22185
11439
17306
24323
14530
19262
16356
14789
8377
26241
12309
5598
18562
3357
1673
12631
19691
1761
807
7587
10522
19401
7448
17246
3640
8808
16
15543
26412
25801
16661
9177
5538
14683
4751
26737
375
24237
20732
24722
4344
3087
13286
12171
4743
18139
11087
7214
15376
16563
24065
1251
22717
20060
14002
27635
11133
4273
3408
14746
8486
25312
19557
23335
23587
23301
7106
12699
8157
27050
7198
4143
9571
1497
21029
15372
5458
4731
24795
5135
14471
2004
20677
11004
17059
18934
9909
1641
12271
1670
19201
2590
12570
471
27750
20288
16385
11792
10806
7759
513
12621
21522
21178
11628
22256
19616
18485
16007
24777
27685
9860
11140
17984
8606
21905
22583
22103
27609
23167
11301
12732
25002
16627
23791
12325
15135
18165
20302
15428
25378
10354
19817
9289
21287
11251
23264
12011
23873
21883
21992
16039
7428
21747
1748
26119
19774
24281
8636
22746
1444
22049
14552
20265
18850
18258
23430
26341
1225
19209
19085
16384
6457
16576
21401
12117
5878
23027
27719
27792
10479
27094
24123
1452
5980
10616
26432
6927
9828
18430
14781
24169
18158
8048
23633
757
23892
6700
4070
15912
26683
26623
8171
7993
21577
6107
21844
14362
12170
6517
478
6789
26365
19922
20816
3101
2519
5042
8831
108
24377
3227
20083
2101
3042
19182
2839
17916
193
9739
21907
14470
4771
8568
14771
6102
4980
13946
6832
2022
13922
6882
11440
11484
3866
13399
21580
2080
1322
8683
5904
3359
12349
23451
5231
5333
17474
2808
4006
27040
9896
26014
13831
10469
10519
11788
22314
25179
26423
25963
23945
17791
17302
7281
24381
17498
10299
10777
22944
11286
4472
18302
13393
14567
22973
11173
1203
3623
17495
18345
19080
22552
23516
11590
15371
14925
12304
7296
6667
24707
3692
20213
19340
3755
6382
17567
23918
18945
14091
9834
11841
13842
23630
20173
22258
13921
21461
4203
5708
14233
22249
159
16812
14497
12247
26948
9252
15733
21584
10002
25097
19896
18999
4866
10508
25116
17198
17258
11101
16792
2050
25492
27319
1700
24045
19050
13895
8565
7251
15165
8830
18633
3144
19038
19100
14290
22685
20013
14612
11765
14101
8043
20751
6853
5597
15880
5576
2195
580
12463
4886
19740
13826
604
11758
10001
23988
3534
19040
19570
8080
10434
6776
24918
17372
13611
8228
26069
6544
14227
10760
4119
1704
17624
12866
14159
11312
1553
22650
6758
2388
5942
9128
15282
8540
18877
4360
17458
24106
13971
18931
17101
8397
6233
5260
5379
12128
7476
14012
1141
23242
19042
4236
26952
14343
22060
14729
5132
22885
17741
12579
5494
5916
10075
26728
12542
7701
9161
12392
24243
14577
23589
19972
5451
23877
21071
12574
12302
18092
17457
16119
9084
1654
8361
21240
20548
27664
3733
1682
4655
7664
27633
14964
26091
14429
120
20898
4423
14948
5263
963
23488
17391
7284
15145
1854
2302
14355
10620
5448
5403
16808
24475
20030
15655
18334
22146
16240
4238
936
2983
26946
23760
1685
5685
9465
17533
7159
16301
12796
868
7521
19990
1104
20520
20332
20094
12911
21396
6623
23256
4073
1227
16568
18737
7206
1560
19295
23890
17528
21041
1863
26264
3201
4292
1198
11199
18735
1865
16587
11836
20352
26328
9799
18421
8969
6461
21495
19207
7610
11557
6685
15179
18270
6711
1750
22172
18406
10176
9427
13902
20778
14979
24845
11336
22591
671
15685
14044
11683
20977
23260
9303
22758
2529
26578
13788
11561
1295
17367
21463
1550
10593
26965
4577
1614
10045
9973
22107
5700
8669
22657
9105
6616
2249
14501
24025
22938
9888
21833
994
3469
6123
2852
11295
13530
18938
7791
14527
21064
15549
17430
12230
6054
22561
13113
22539
26636
5345
10202
13418
8092
928
6217
7048
20536
1249
15102
4261
25880
22470
1879
7543
9725
15989
14653
22165
7612
7742
12049
14914
7157
25583
8661
19104
25151
18834
2121
12601
20851
1438
21863
827
11611
3689
11598
5282
10794
18452
11031
9669
21774
23200
22589
9
2496
3159
27033
19385
13472
4818
20934
24176
4501
20721
16460
3846
25564
8759
16890
2788
4117
27178
19065
24017
6099
14046
2293
15918
8509
22578
4457
2005
9605
3373
10150
21978
2814
20968
17947
13846
14475
13385
18364
21154
12005
24584
6188
5483
2956
14626
12464
21005
21744
10650
14395
1034
12345
15408
19913
13360
14566
21347
2000
16759
5658
1922
24345
24936
11566
14825
6741
12085
22363
13398
1709
1069
14761
14135
24082
21402
8372
2244
3886
15796
6202
10034
16408
2685
2014
24067
6537
21831
10232
7922
19994
3956
13899
7033
9017
18723
1572
10896
18395
7089
7973
17527
8770
12620
15513
27539
25068
17633
5123
20186
17502
16654
18826
698
27425
9800
26305
1314
13540
2393
20401
5571
23654
2048
8597
2659
22906
12077
25420
5771
20940
5900
12893
6065
6315
21936
20383
27699
7560
16522
25327
1757
22053
9775
2982
23783
20757
3664
3820
5680
20985
11048
1144
5636
8070
5759
8181
21611
11091
410
10740
2587
21903
11895
2921
12896
9300
10623
19957
17780
13958
8334
22858
18066
8484
16778
4705
24682
22833
1608
24437
18187
19546
4654
955
6675
5292
3460
5641
20505
6145
18259
6782
20538
3308
6425
19882
20084
6605
5103
12909
8375
18289
6450
3330
14588
17729
1961
23780
10250
26581
19715
300
18425
11674
16472
11958
5038
7561
12445
9233
14072
21663
27602
1736
16884
8805
2497
12246
19285
9735
22624
10184
21086
9640
24816
13635
14882
13344
26031
24225
27441
2683
14651
24733
9030
20687
10670
11994
24900
23173
13967
530
8690
12438
24351
18649
18692
8822
10989
13011
3041
23705
1259
17655
5310
24079
22393
22562
22610
7697
3971
4574
8741
689
23789
22793
2564
24103
19824
11034
4685
11207
18023
21386
4639
3088
64
27096
25786
24819
17316
10271
13428
27508
14441
11078
25020
7320
6575
24645
11324
5413
10771
12938
14857
8404
1967
13124
20527
20222
160
13421
18782
22187
27127
13138
23005
1516
8147
24403
9964
11047
13216
24412
6954
24172
10043
24470
7727
25702
6030
21153
6900
8428
15542
1153
25635
7347
2690
16770
6766
1977
14099
11861
11949
4630
16111
14514
4331
17933
2041
16139
19325
8727
6953
26781
15943
6399
16000
6200
5447
4275
27297
15648
22383
3911
9134
21467
26455
1294
2107
3465
8706
20493
641
1930
23176
20116
5245
518
15616
6269
121
21077
11420
15085
25697
13021
11287
19291
6100
11364
3426
13068
3719
21274
25252
8210
18734
12156
11744
17370
23241
10711
6440
21632
23116
5194
16235
4792
4963
24627
2464
26835
26589
7038
20960
18673
10444
18664
22427
4682
17447
21941
12823
19725
24531
17759
2339
17738
1594
18825
13451
14971
19643
4634
6659
13053
6165
22170
22244
8495
25834
24287
20667
8320
13869
3437
16682
10361
20051
22934
27155
9655
17680
19932
18399
27542
2044
14839
73
3322
24284
24652
21144
50
21494
4421
15917
14383
8641
10865
1254
7683
13959
25750
25871
21383
23297
14774
17563
13127
8086
25414
13873
13086
16306
1837
25680
13236
15284
836
6304
22212
25012
27394
7122
18051
16145
17987
11353
3387
5845
8037
12560
16600
14908
1929
2469
7487
8656
2725
14792
14344
25848
18172
2916
12377
1826
4806
20731
15257
11804
20895
24352
12296
22219
11880
6586
874
22479
7616
25384
18109
9738
26579
21361
4190
11170
3979
17482
12265
1564
24434
17725
25295
7692
19388
12050
22703
18542
701
5054
26259
25358
25397
26017
24843
23679
8614
21390
7622
16921
5044
2944
9426
13937
23326
7917
11606
10874
17961
25974
14852
9235
10380
20390
27329
7736
24552
13641
8622
22111
26308
14669
20345
4773
4944
21107
3291
7431
12079
19370
22922
16942
4981
22612
8539
21121
27019
27641
4590
1415
17751
19428
27032
23244
26080
11343
17160
26154
10606
20553
4530
7012
20374
16989
25260
4369
915
277
24441
21123
2637
5337
21964
23307
19571
9661
16892
15132
13642
15417
1625
20823
6089
17909
20936
20050
6258
22163
6726
15115
3442
10872
22455
21339
2735
954
2170
11624
22985
14576
19153
18908
26
15094
2210
14992
3406
22367
11630
17368
16509
9299
223
2494
9290
18436
10432
14322
5336
4915
6322
26582
25955
185
20152
23104
1674
18128
5410
21053
21635
17890
12640
8911
17232
16972
24610
7834
2682
18947
24057
24272
1330
21269
3874
17420
266
16246
10723
451
27450
20420
6695
5911
20866
8541
11361
3022
13150
8189
11876
14331
13409
350
2502
25530
4451
16909
540
4968
9985
6082
11181
14503
1124
9190
25826
14961
24030
13721
12690
20092
11574
547
871
11857
7656
15147
5990
8004
21553
17681
3570
8973
21040
5963
13417
9792
11686
22462
6571
1845
15942
11585
20965
9886
12790
27002
22142
16249
7777
21582
7978
11883
12336
14447
969
12512
4258
12335
15210
23080
16746
21447
16034
10673
10837
9367
26637
13936
26746
13058
22494
17223
27660
22255
7271
25772
23653
3781
20979
11722
19115
6423
4982
9256
835
9041
3106
15153
16739
5655
10999
1441
18201
14062
19505
18776
23343
6002
27061
9362
6354
14058
20672
16298
10210
18054
6124
16151
6641
11403
5317
794
25630
20787
3039
1861
12977
24865
6721
22729
7879
10243
7333
6052
6185
4074
2451
23495
15016
4738
23035
16623
3045
27000
6844
25186
16516
6645
17190
18621
22979
4418
26534
22930
1514
5644
5824
22183
2181
4653
15131
4518
18099
22019
7095
2484
2713
9482
15922
20693
4445
12203
19102
8858
7606
16325
6861
17150
26192
9880
12292
9547
14627
20710
15840
18010
20310
4767
25251
25340
4381
24995
15969
4491
10199
20000
12263
21327
13297
13456
25453
11073
6358
27536
3130
5137
17200
10613
19807
4039
24492
4552
6083
2250
5368
5724
23478
13151
23891
18919
17172
9412
17467
22764
23896
4779
16995
23836
19851
18798
13767
22160
18200
4864
11413
4573
16962
18949
24294
15971
13896
23262
14713
16813
20224
13077
13176
8250
2462
9685
12728
27688
19168
11104
13198
13594
1084
4144
15731
25264
237
9310
22678
10038
13033
10178
21840
2767
11600
13488
26895
5659
19520
3635
5734
9970
26333
9261
360
6248
17991
0
17695
27004
6362
6386
8662
908
4340
7808
7923
24754
6390
14538
25042
12356
24648
17297
26094
4717
2483
241
11521
25142
4702
20682
9575
538
18311
25505
7259
26480
6271
22514
14891
11005
12917
9560
5856
5754
11854
15104
24154
14504
26985
21735
13039
25578
5313
4597
26673
17290
18913
2422
1716
2911
15354
12976
7929
3964
22273
27440
9201
2040
25755
19204
4946
27467
4380
9149
20086
10169
17551
721
3641
13575
53
25819
25830
6241
9572
16396
15742
427
12861
7633
4270
11969
20840
18634
19767
18237
1310
11741
15683
6008
10220
19290
5330
11447
24647
7238
9627
24662
7385
20496
19556
24430
10406
9273
26515
5767
722
11280
26158
16794
8893
15218
26785
27060
13095
16051
11356
23973
9587
3565
9348
21091
23905
22535
781
17238
1783
9333
24183
11061
14677
2757
23953
13264
2555
6559
4008
15958
11596
12250
15800
5903
7772
14141
8458
9167
13717
10801
7055
22062
17240
23691
22481
25369
24016
27076
22641
8121
7950
24336
17871
24153
7699
14408
25468
22918
1419
1956
21864
3273
19573
11553
7909
18269
5798
19208
46
20285
26186
20472
3937
15932
452
26263
24011
26139
24218
6173
16899
18964
26894
10955
4376
11569
11358
3149
17595
14422
16245
4407
13808
11299
18268
8907
12755
23008
22095
12996
8887
19457
40
7123
8307
789
23315
10786
27079
8909
23395
22888
4938
10628
25798
18319
8260
4437
27053
4658
13610
13117
21860
20498
15173
22223
21147
9156
9942
870
5391
26645
26996
21384
14413
12847
2702
1719
8236
22208
27464
25486
10030
1744
8526
12596
1113
17094
9221
10877
6355
21216
6858
25699
21236
8163
22471
4038
15289
11759
4442
26181
12553
26482
12315
3873
21673
3110
4766
16156
12890
19940
24923
23509
665
13648
16331
26520
22094
12369
14241
1702
27299
26736
8339
19623
23749
21244
10812
3064
14682
26893
27427
23219
26798
7426
26163
17459
6681
7216
10454
2755
26819
25855
25565
11578
15802
15775
27476
19448
15633
10954
10676
5694
24721
23398
3890
7253
24280
5120
2821
17568
12240
21960
5197
17580
25668
23844
4181
13312
13440
11436
23687
744
9855
15410
7148
14644
19628
17475
7603
19380
3262
13100
11373
25053
19264
18784
21489
24542
15373
5498
22328
1313
14830
17133
17126
21720
56
26223
22974
18478
21328
8254
13007
8095
13521
492
22088
16292
18879
13246
14881
19106
15806
3553
25427
19060
8277
19244
22505
7558
16426
14646
7760
6921
11780
3515
13180
20796
25725
22135
22807
13043
25953
18042
21501
17184
22550
7177
338
17437
12166
8407
19936
5775
11192
20136
16789
20385
14374
6374
26037
22246
18847
20804
23469
12802
20974
11642
14444
11187
24970
4546
15807
16817
5966
14618
20499
3794
1372
14308
15658
10979
5585
1532
9259
21001
11130
22526
21651
25324
11524
19762
1566
18300
4901
12750
22999
9247
19179
2793
22466
8220
12178
8719
9705
15751
17319
13666
8776
13759
18722
9159
1867
12717
13724
17373
23719
9198
5651
1836
20387
19363
18323
23473
7490
2415
15480
12090
18288
15959
25856
14941
5987
26007
7094
19352
13710
17289
16161
25249
3487
15055
18748
15216
14259
16712
14016
21010
7976
15185
5230
20691
10644
1646
8703
23721
2985
10963
12981
25931
12849
3166
2359
16729
19512
27072
14109
15879
14489
23924
26247
13815
8439
6058
20021
6139
23909
10135
8101
15122
23631
21042
12473
8224
12867
5929
12460
2969
3206
10145
3158
1981
15811
5695
11473
14330
17668
13436
14419
6888
15400
12934
12359
23816
27287
9091
17057
1091
15941
24405
10339
24286
298
12393
21365
19372
25711
14647
13119
11707
22240
644
13794
8957
6976
19375
8905
7552
24443
17768
11438
8258
12380
11532
930
20273
14445
932
14847
22289
25957
27518
26767
1367
8967
5855
21381
10291
15632
26886
187
3896
11227
13916
1555
1475
16800
5968
17596
11179
8481
17865
20457
9471
19968
27304
26446
1820
3999
1629
12493
16828
3863
18909
2877
5148
9325
26602
23156
6714
21417
17649
1958
26874
21772
24347
23093
19175
10274
762
24146
19272
3136
6982
9258
6462
19706
23647
22695
14884
6268
26398
15052
276
25898
10663
23164
1356
23863
21280
17358
24445
16870
7581
3458
2632
13454
19558
12205
27210
27325
16678
21659
10763
8944
13527
17942
21861
10516
4837
15148
5615
4343
10093
21161
2850
17147
27697
27090
3725
14966
16507
10793
6889
8603
8166
4900
12231
12111
14625
25676
3116
25465
25809
21763
980
27350
25263
406
10543
20748
14628
12134
25540
5877
10087
23179
6704
8791
18891
12455
22178
1210
217
17867
5563
24458
19607
466
18403
18926
8431
2194
5940
13431
2595
9945
25925
26253
8345
27537
9624
13935
3370
13528
1708
7829
14256
17929
514
10100
402
26735
6194
17161
22360
7315
21954
8702
15258
7626
19726
8888
17390
8042
15050
11277
25516
25712
5580
346
6843
17784
3913
6856
18525
16025
10112
16565
9839
26984
18264
8061
4645
13411
9838
7438
16815
6075
8804
23686
11248
7952
26560
1605
20534
14537
16922
3833
27262
22510
4316
5577
16620
23588
16488
26512
17051
27377
3745
27776
1938
21232
12179
22540
27008
18564
27065
20547
6133
27342
26888
23354
26191
24449
4986
21972
10785
10846
20914
16461
14297
10313
4025
6618
7264
2891
15554
11868
8599
9288
10222
11973
25707
545
16894
27197
7964
18088
16662
15293
23846
15955
2918
8838
18320
16481
27063
25219
19470
26934
4036
27147
14340
10926
10614
7133
27774
904
17545
5171
10279
14664
15696
16491
22087
20904
26959
6300
9549
14681
7460
17540
23621
2898
18402
21645
1089
7744
27323
23531
7789
22836
16072
3703
5583
16376
10414
26225
8675
5193
12486
9647
26364
16066
26915
703
2128
21911
15561
27318
4095
20696
14593
4081
27284
2218
26567
18712
18447
8587
22036
11640
26280
1596
14121
10619
10649
11060
22936
4128
9745
20333
21111
24828
13405
16410
13152
22238
2773
6132
4134
23596
24006
13291
13295
13976
16574
25293
13056
7010
24669
15447
6501
17971
2239
101
12358
1094
19441
25480
694
426
27600
14734
21369
2736
23273
19912
9783
6016
22965
20715
25026
4502
2490
1073
18295
10976
22440
6672
8067
5939
15440
13330
18930
12646
11878
2801
13078
18047
13076
5518
11653
22162
12256
17508
12237
10117
1463
25838
2414
354
25326
4865
18381
21770
15777
27062
15621
7120
27726
24620
14150
5304
11433
26413
9728
3467
6368
14985
759
18265
8865
1697
8654
10826
26039
16016
15963
25244
26715
8814
19941
13364
1324
2401
22098
13775
1042
14673
13769
11466
5462
26510
16315
21823
6337
3151
4123
10261
10115
21837
21615
2531
3247
23685
8173
27455
22587
11446
7504
4401
26880
15545
11006
23048
13059
20296
7935
8135
26730
20624
756
8366
14620
19664
20818
14526
24727
2308
21648
1528
1327
8143
16381
4746
24882
23382
21780
22280
26491
6086
17466
14214
6668
7103
14458
25671
389
27349
25891
5189
17350
4911
16261
7938
5372
20529
19635
19906
24631
21853
9071
9807
6999
12715
1062
25499
1219
1933
1869
11790
18040
16252
4071
7414
17869
25131
5643
21395
26830
4274
27493
21186
26108
21490
19423
3815
2246
4699
14263
19805
27497
442
24896
10521
25923
5003
21807
5235
22327
15576
4811
10019
4322
24245
2770
9155
8133
14551
6669
24870
12300
3776
22378
24358
14357
17182
24986
22318
17985
20941
26195
8118
12929
20304
24903
13132
17353
25374
3358
13457
23001
1112
8996
19844
13531
1979
328
10130
23384
971
8313
13125
19909
6116
16138
27260
20524
1
19003
9093
791
2352
6010
1399
18627
19637
2840
19539
2649
4031
3083
19420
15953
17004
23
19938
27027
6996
23732
3808
24909
16294
11092
18367
1732
292
6541
26359
22448
15910
18235
23827
21801
19582
15349
4483
22389
10505
27243
10330
2108
17219
24888
15211
26800
13513
11575
2357
19695
19240
13841
17517
6302
3012
1036
16319
26383
14802
23864
11510
23279
1119
26998
10790
23018
27175
22251
3892
27414
13511
7806
2561
23805
17749
7883
14636
20247
10407
19308
11448
13948
22604
23792
25462
16975
4759
11875
10236
1066
24683
1759
24142
23125
16631
22997
919
15533
4954
20969
2475
5055
3079
19056
16653
14436
15845
16685
6917
15868
11918
6161
25937
10297
15092
4571
9111
14600
2803
15321
9759
27020
15873
24055
17932
5758
25820
13661
2163
8823
24651
10132
21485
6487
19047
2892
23904
24338
14371
25048
7150
21000
14452
943
3614
23321
23292
9285
8829
24972
23233
3319
20981
27156
17895
15555
6152
10961
26877
25618
25247
7999
8779
13164
13833
12522
21834
25526
14492
2015
19961
20921
11389
2620
9211
15107
11692
10114
16520
19953
585
5218
17212
25543
18412
25087
24383
16651
8399
22687
27255
7658
10654
5516
9754
27144
22171
25874
1199
18457
11699
14779
5962
7868
8318
11145
14456
12908
14450
2545
20361
22964
5495
590
2942
3998
1226
4013
22890
22319
7770
439
5681
25447
11501
26057
21546
20245
11879
25092
25582
14179
16333
4447
10177
27594
19835
1043
24304
24390
674
1840
3438
23765
2842
2200
27376
21637
13225
25432
22122
12528
7820
3346
14019
27620
2642
16763
1755
12696
19306
3475
16439
4874
22971
23198
11421
12904
26010
11184
25729
19522
1099
26244
4489
23933
26570
26251
18027
17951
14402
12869
18966
415
5444
3609
15078
5510
22317
8914
8751
9152
25208
25197
24387
11981
14988
18867
14790
24875
23459
15471
4147
5275
27007
8424
15748
15311
17983
2895
15499
19140
9308
6754
12168
25040
23573
14434
1232
25705
20769
12145
4647
25331
14837
6808
4492
17826
14171
592
10308
3020
19229
2768
26272
13017
21408
3017
10316
21704
11595
16694
9822
14316
18349
6812
2830
8508
8797
19899
12995
23391
19776
12182
5748
20263
13798
6351
26178
26827
9534
9578
6060
24423
25132
21898
12073
25118
364
2708
2423
10844
4953
14264
6448
1647
4248
21719
24527
2243
6692
7132
11977
21867
16196
24247
22638
27683
2001
27159
3178
8726
5559
3006
18885
3455
3990
22598
15734
6891
21218
24879
21639
21460
16818
1212
26519
17829
8346
26053
16511
9844
7940
12520
16925
19563
1363
13407
2749
314
17432
23190
16862
16797
15369
19759
3508
1184
1472
21971
10081
3996
25535
26811
6502
18271
11040
11431
23367
10083
25913
24436
14856
24254
13101
23402
11354
22220
6347
18094
14894
16157
16237
12694
21321
17308
11593
25370
20274
493
15494
17906
19461
22410
6686
22487
7925
265
19296
3899
7062
2975
20814
14563
9184
4097
17554
24046
6357
27093
20424
4165
9461
17870
5122
1175
27645
19629
16529
3612
21455
1975
4966
25650
12154
16150
9302
16915
321
18950
9498
15675
6557
27390
5778
974
16349
2523
5407
2913
1147
26554
9357
25854
8170
22332
5919
24676
5156
12142
20880
5104
17
5130
17769
16202
5917
16352
20561
18089
24344
14063
3525
17314
17022
8765
27324
22817
13997
23722
10390
20817
2052
1305
15385
24108
19194
1617
20096
20257
11190
25431
20009
14840
4836
9884
7630
2694
5306
26901
6326
6597
25928
2666
21372
26539
7021
20808
25231
2434
3180
23700
8845
4727
22908
11350
25066
4285
2117
7171
27225
3260
12767
20331
3709
14401
7332
6422
883
20400
2931
14765
15939
19133
22084
8926
18584
10936
16322
18178
27615
17600
12716
24465
1705
3994
884
6112
4287
20887
1924
26454
21229
9752
16883
830
26369
2157
2689
23185
19313
23551
98
20854
21004
2899
1151
1245
6505
19904
14136
25686
3074
6363
24201
19266
19395
7082
14943
1304
14892
26291
6707
19527
17154
7995
19371
5371
10627
2854
25602
12920
5070
18361
12320
3893
12765
16945
15876
16171
693
26408
27634
1039
12547
21594
18683
12016
581
2816
27307
10134
9512
875
1995
16666
21567
4627
15538
7684
10466
9407
26390
12362
12337
17576
4085
383
27677
21221
27672
6006
25169
17492
23345
24056
19670
3007
3932
12413
10901
6190
21952
27001
7886
17044
5430
13834
7339
26840
20526
24375
18390
24922
4461
9688
19744
27642
14024
532
22806
3335
21528
5690
14996
10674
26614
26363
12078
24991
22533
1746
12253
4949
6546
5072
17843
20903
14386
10769
2669
9275
10588
7395
5761
3174
22422
5165
27479
17667
21227
22853
20573
5311
10515
27463
27310
1817
19507
4490
25234
22957
15441
20838
21827
19159
20506
9968
26136
20645
15629
9501
9737
4508
21175
3293
15896
22349
14498
11146
5928
25584
27396
10704
15193
15498
21483
2972
9270
13320
2841
14820
12061
16660
15601
18956
18711
14421
4478
11405
12734
9610
22622
10683
6738
17029
12787
5399
95
26387
8889
418
22085
2521
25866
21019
267
13573
2675
24967
16459
15833
2758
11475
15320
6135
11548
8196
4053
11406
26783
17770
17375
18822
8429
15801
13128
559
9664
17449
26327
7135
13416
2582
11322
15512
18115
13619
25806
25570
27209
5478
8009
4002
5868
23283
11464
2585
6879
7775
27298
23507
11486
22018
2426
22136
11644
23143
25704
7464
5384
5116
16550
5232
7949
15929
12510
6129
27311
16954
6951
8316
11056
21597
11687
22632
22647
27454
5098
20343
8534
14888
10842
1350
18239
7541
9139
10082
14119
25455
6468
7635
26687
13378
19562
16305
1789
17675
4821
13570
13907
19627
19261
3704
5334
23290
13480
19337
13754
1501
11664
22226
9954
19663
5672
22081
12840
26864
12855
23920
17006
15505
3188
26282
12671
27160
20428
18600
2304
11603
24791
3102
25643
77
27601
7057
9976
7246
6723
11201
4583
13627
15987
4876
13219
4328
15663
4358
2743
293
76
20610
6540
4974
7632
10166
22145
8519
9679
11079
6777
3685
24219
4317
15961
12864
15108
16935
1495
6360
12978
10755
16162
6392
21418
8032
26975
12566
12183
787
23406
19407
25548
5203
9024
22563
12612
11597
14739
26107
9014
25136
4554
6155
14209
23162
12552
5619
21650
828
16178
6045
6918
15874
17074
6733
1944
24881
2560
16253
21724
4688
23444
12982
16074
10146
20449
17922
12391
25046
8144
15722
21988
12036
24265
10887
7304
17913
21878
27372
8842
10782
20528
9246
24808
21689
9857
14059
9318
12449
19326
2199
16754
25594
26615
14585
3647
10024
19868
14491
3590
26176
15578
22309
8251
17872
14219
3963
6307
17303
19072
17687
15596
3988
24553
1989
25294
9684
4497
26356
5823
9086
24464
14439
4729
9900
642
4764
6220
15580
12718
26749
23322
10138
6504
18941
9893
12465
25388
10734
9065
22959
18856
24603
4721
319
26361
9027
6031
124
15425
1968
17570
24786
23155
2305
15720
8739
20855
5546
17743
9609
20132
16053
14810
480
1509
25648
9287
20843
10402
25720
11720
12635
11563
13655
19045
16609
8994
26632
23568
10839
24350
23192
15328
4379
23221
18763
4422
13984
14324
1127
23269
10897
2628
26302
26784
11956
4689
26439
4507
8715
20110
7310
24776
11082
16467
1126
20511
6929
7243
4399
24753
26666
22655
22573
2168
26276
24811
10828
8747
1101
25752
1400
15756
2235
13432
9502
18102
9870
19396
8221
20812
1402
15931
15750
17257
27355
24921
24602
21524
19157
12103
25733
18327
11565
7087
3871
11208
20628
15527
809
5906
19690
3288
25950
19760
19235
12707
19156
2118
23011
14917
24022
17878
12721
2386
5256
5801
1250
24563
17268
24278
3928
9385
5228
8673
10394
1752
14353
5883
15476
2073
15776
3670
21557
21565
10350
2457
14184
226
13534
17244
18464
25665
473
9355
20082
14153
17602
4720
18455
7193
3603
9457
639
25524
13986
27755
3581
9993
4527
6042
2405
4833
6729
775
10103
2862
15709
7272
9109
14346
16848
22475
18679
6724
16747
23376
7324
19625
19376
19227
21095
8729
2032
1545
18332
22435
26740
14590
15431
20701
3589
5196
3822
18070
4496
14084
14813
2272
24126
16364
14806
5320
9257
17035
21034
1060
9284
22245
7743
9879
13650
11690
10071
18589
8113
19754
17428
14317
24104
20028
16701
18142
24573
16987
25562
10140
19437
15510
5852
24941
18131
19128
25300
11479
6106
11694
4096
13740
17912
2752
10783
26288
14188
27070
10133
17737
18100
294
1619
12051
1096
8190
26453
16390
20423
27483
27554
15086
16394
24998
8265
2872
24064
20290
11717
20848
18979
3519
24560
24780
13377
11037
21913
11912
4428
20118
26912
24508
5946
710
21248
7901
17707
11391
3098
9535
26913
22639
3599
25050
26063
5057
9698
25113
12591
528
951
9510
16713
5550
3678
26293
3907
9442
22072
25552
5819
15030
8445
10499
17980
22424
26871
18662
20961
12519
1437
20734
5603
6298
14034
22361
9374
19184
6655
4586
9425
3186
18520
7766
21979
12165
15712
26375
11143
18705
14756
1264
13714
27042
5657
19810
9856
23623
13329
22792
4325
16132
9635
19254
10069
9892
17019
17936
24678
20664
11407
14130
9845
22982
21282
13544
14245
7613
13817
9548
19863
12615
22014
20541
24619
24904
26348
6991
7596
27097
26780
7176
17440
5545
12836
18657
16983
7124
19348
8054
21736
27283
25146
21474
13681
4787
6497
6737
16203
24713
16726
7338
26607
23717
7652
11076
20906
1851
17938
8890
1049
10171
15306
15112
967
4337
13232
27534
2833
16941
17324
15276
1337
2271
3344
20719
5812
19081
3463
2238
25620
16867
11833
24929
2874
2522
25035
6235
25498
5340
3510
8610
18293
22271
19477
19454
782
1661
14372
6251
960
13818
27312
24557
26837
8100
7070
6778
20994
5424
26054
18045
12212
17956
2945
27150
26400
26513
15990
10829
5807
15757
9710
14199
7568
20762
26931
5673
5959
4355
17720
16730
15504
17919
26987
13825
25086
18444
23572
27364
19127
15938
21102
22134
20625
12176
10655
18355
3646
19190
22640
11210
12863
22324
6482
14872
7065
6438
20391
8090
12123
6236
723
27332
27241
8753
19130
3848
21448
22677
13096
25914
481
24244
560
25745
27775
18655
10991
18682
3628
4650
21437
546
26389
24453
8946
19964
24230
27608
3955
19624
13157
7063
18670
8373
26961
14812
5477
2989
18160
19855
15882
519
13122
10126
8191
16468
15792
21589
9046
20990
3541
21050
25566
9994
12454
22097
10727
15573
14239
15728
1579
9068
9170
5405
12504
15074
3269
13701
5069
2678
1853
6365
26351
15660
7462
13271
12403
4868
4046
21717
5198
3077
19166
5219
27235
12014
14693
413
20978
4255
17887
20458
22804
3645
13536
5418
7756
1052
11870
22196
13564
20952
22390
19826
17777
12001
6027
18354
205
2765
2727
2962
24455
8545
17883
10684
19834
18120
5277
12659
10635
17847
8737
7002
14654
26123
6703
27258
1136
13242
27275
6849
12148
24283
24821
5995
8365
4032
18521
19284
23160
16691
7542
13024
1771
22783
7875
21015
19639
13067
11094
26000
3131
5452
8234
16949
1335
21544
27315
10550
8989
1193
24658
25779
16233
26314
13135
6906
1827
14147
14926
815
19962
15746
8096
4967
23932
5395
26935
23563
19011
14265
17196
12412
2294
22047
6979
944
12684
26550
16985
16478
23189
2923
25807
19316
25701
17672
18151
18609
23615
8203
12800
14721
2549
12872
4077
4263
6005
18325
11900
7963
8657
1518
9264
20679
21368
24895
15054
23024
22847
3095
22149
19513
24622
15365
16830
769
17294
3527
16348
27481
17575
8616
7981
16367
2551
13514
8728
21752
11035
24965
27047
19436
1523
15716
9197
26599
2647
11310
3767
4926
7562
8008
16715
26569
23232
7958
12803
20727
773
1211
8110
16455
20815
26705
16008
5667
22473
17253
1207
6833
18337
23868
4762
19553
13433
13402
10977
23898
11376
3318
13186
24937
21922
12795
26429
8376
20911
19605
5674
11399
12219
4608
12739
9280
12480
5613
23404
4509
4880
14972
22287
1823
8988
6892
9098
8902
14539
17086
10254
9135
27421
16692
24341
18429
10641
1627
25591
17281
603
23829
13931
27397
5854
8257
17812
15413
11419
14291
25261
22406
5296
1474
11007
14738
8454
23745
3002
9853
22627
8180
24515
1085
22224
5472
25609
10770
18391
20367
3222
25793
3618
11827
6895
26078
7362
14641
17756
26753
21591
7099
16446
15984
27320
12224
13713
12060
1782
8174
5068
27045
17056
5376
2885
18495
23134
26406
17444
26187
13322
9621
13796
4295
19122
10743
13797
23340
2376
7654
22371
5390
9040
5318
8489
26761
8935
19238
20319
19788
24932
18829
7321
10517
9750
4309
2204
6343
18857
9628
11537
1352
19878
23566
22572
25228
11801
2823
17269
20081
12131
26918
3885
4845
1407
2695
2763
16409
22661
12587
26461
24092
23498
24690
17599
5622
4411
17427
506
13646
16040
19164
26095
4609
517
15196
18636
27181
10183
23782
6481
11366
16194
5544
23557
13358
5633
25787
3345
5710
1411
16917
21420
16180
19061
2482
21024
13607
6416
1773
8937
18721
4240
19233
13384
17631
12267
9736
11289
24251
22159
17830
5145
12602
26353
25342
13430
228
26269
4905
9330
18546
7195
168
2481
23058
2574
25844
18537
577
25216
5569
12239
8927
26128
21569
23688
10480
2575
17155
25299
18965
19220
21115
22556
14701
2111
23309
3341
19857
23926
7
14777
25144
10049
10729
20330
365
25045
10281
19341
25514
4891
22541
9011
8447
19591
24959
11318
26927
9430
44
20112
22214
6783
24729
12023
19739
3945
26317
17722
15611
14253
27729
12181
19002
6909
3305
22506
5930
11072
690
6110
10167
4914
1506
27083
24233
26451
27471
13464
14711
21344
14842
17254
923
2311
15819
1037
25474
8239
23231
6417
14252
3119
8405
22430
3008
13897
4996
12034
4732
1847
20219
27254
18163
17023
24792
390
16980
23680
9369
13928
26576
15492
9997
3649
1631
24425
7987
27082
26171
15181
11191
1592
20862
27085
26485
14907
11793
18764
22891
24625
24042
9387
245
2829
11622
12470
17426
17228
13602
23574
22416
18837
26543
18501
1900
13063
17412
2449
7143
14165
17797
3229
10705
22986
8532
14543
16378
13438
1362
6966
19161
12143
15028
9722
10090
20720
27164
7041
14545
2533
8951
23040
19283
24196
8264
11283
22666
11105
24234
27129
25443
16419
13529
19181
1788
9015
17996
6644
27597
1408
11554
17967
20008
880
20020
2557
10992
12135
2096
1346
10775
12035
17157
21563
18140
13495
11245
5160
15540
114
3925
24887
4375
23163
22239
13789
1143
74
1882
18502
12918
14217
11658
5297
12639
20609
1090
1114
15246
20692
2667
10006
19242
7785
8588
20595
4320
17706
2824
12889
12482
24567
3625
21685
24804
25674
25291
16071
4500
17691
3630
23270
2127
18738
20801
17793
7119
4014
4588
18615
17264
2790
22127
25965
18443
20065
27556
17448
5445
25442
3845
7599
13847
2059
15366
19163
18915
11305
57
25428
2026
4748
16230
25390
25870
19705
1640
19531
7503
24618
337
20399
18563
15997
18594
5204
27736
13785
14185
3870
13478
23063
8049
8863
9974
12326
11489
14143
20839
16417
19698
26522
26962
18558
6602
27522
6020
24987
21678
7441
26099
19256
25164
17898
9334
14273
18278
5184
26546
1299
1649
4293
8692
15361
2622
23103
4564
26970
26466
21454
10041
5589
9500
27267
12811
19066
13088
6095
3108
22893
19274
25859
18487
10716
20938
7203
9826
17820
6140
2285
9214
26332
1336
48
17330
27673
16855
24031
6770
13080
11976
9148
16469
4333
3661
25176
13542
11119
1686
26460
6600
2562
15481
3948
18984
1835
9382
7787
14564
13262
1890
24714
10383
171
2225
5027
5246
19701
19840
18694
24665
7433
20368
22217
14897
3073
4011
21446
3303
281
652
13658
4829
12813
18106
16526
18779
1921
8515
8471
22336
14098
13810
9294
12656
9668
23773
2350
14755
6825
25180
26344
13371
16977
21688
12573
24083
24612
10431
6817
12225
8134
14368
27715
10880
12972
6262
12385
950
20581
16386
21243
22905
8920
26377
9699
22501
27221
19473
5141
962
23941
15286
20860
16961
948
11519
15010
18330
2474
13522
13731
9588
23474
11974
25669
2658
8632
2800
2730
25718
6768
13
24600
9777
5927
11326
21338
21552
15534
14300
23710
3030
6606
15077
4218
12342
9004
9592
19501
8794
643
1027
17662
6151
12121
1906
25825
9982
26205
5554
26211
2868
1554
17452
6104
7180
2733
11442
11698
5847
19653
15312
18536
13539
22503
503
21323
3433
23070
17327
9594
20275
17594
1001
10797
12628
25167
20194
10736
23712
20744
15762
18038
20393
19299
19193
23492
6572
15229
12415
7807
20872
9541
11635
5682
10796
26905
16777
17796
7280
8855
2777
24805
7908
2723
3984
21608
23098
18498
17363
18322
21036
19458
13149
6184
27231
27566
4371
7739
19640
25497
331
18053
6765
25211
22489
26062
12627
5908
15656
20207
16767
5109
13669
18497
6772
7077
8138
23779
2124
22988
20890
993
11984
19017
3295
21150
19321
4057
15023
4506
677
2952
16001
2865
13612
10433
26255
3872
18341
24040
21320
4898
22267
17015
5136
17348
14762
22057
13674
23532
24374
13629
1964
22571
10007
19086
18904
18910
24559
3656
620
6682
20370
3693
7401
10657
22932
16803
18138
6761
233
9113
22534
1582
2970
8317
2215
19359
18727
1513
2404
25192
12222
18706
1972
3564
15667
952
10599
25641
5948
19772
12942
5595
22197
4001
8021
3104
23556
9298
3315
18846
15215
17296
15530
14486
1228
1480
17578
10904
13510
20919
14177
11844
18827
4517
7053
16934
15965
21230
21371
25926
26836
25658
26172
17364
23107
9714
22074
15960
17335
2876
26252
2853
9553
4288
3354
7437
16838
18583
23089
16471
26723
1525
15639
21476
21388
8249
19499
4225
25946
7776
22869
1423
1204
27385
21946
15199
23169
27263
22148
9787
4455
22382
16704
22751
21202
2715
14640
19676
5582
17351
27785
5482
10353
3276
22673
8451
13012
17366
14868
14544
13009
26465
7393
6345
26805
25520
7534
20686
17343
5059
23028
13888
624
4755
8017
989
26378
19234
23756
725
9854
13362
4403
17592
13426
21855
5818
18223
2670
25162
8233
24256
17954
18717
9169
8421
10863
8724
21084
14978
16238
13389
16571
12514
2701
18483
3587
3595
6003
19154
19155
10549
5154
19249
12926
17291
2662
23923
16065
26203
2113
6656
435
704
14725
22374
16514
26040
268
20884
11243
23312
18587
20618
5599
1221
6118
27217
16573
13274
15161
20432
4535
3621
12401
9413
6919
6209
12451
5381
20409
22820
27797
3013
23438
1954
14148
3814
10995
9031
2488
3390
3986
21540
16205
22569
18754
3579
21262
127
26678
203
25194
10536
8129
12308
25376
7855
26620
4794
10566
13139
848
26416
15305
4681
18603
25056
22396
23126
5417
25688
15167
27619
12513
24070
25785
3737
24009
15021
1180
219
27112
7564
19469
22994
21192
4245
24309
27527
12963
18125
20218
13585
9226
3337
16849
25345
11809
27586
7527
26166
9719
8011
25471
4213
14993
14913
13277
7210
2947
1267
9923
6781
16232
22679
14328
15226
24232
22645
14662
22705
21409
11045
4028
3812
15668
9356
21140
612
9529
15579
27742
12409
11015
945
25608
6477
22530
23108
21453
19873
13960
1567
26155
9332
10355
21028
15177
25399
4935
3474
13541
16664
21473
26695
6857
3764
8358
3493
1777
9178
10420
10659
2116
8773
24996
21073
8247
23455
24849
3422
21124
8222
17997
36
2571
18052
17814
20620
19113
3398
4749
25391
3208
6395
3744
11849
26500
16418
27193
15903
19818
24846
10640
16283
15072
19948
543
12388
6757
6511
17627
27505
8081
7380
16019
583
18559
21130
20466
23515
7349
23922
2720
7217
27796
23019
8104
424
9297
14589
21400
10078
13854
7841
3761
20468
16889
6719
1110
26350
11771
10825
23549
14459
1815
7334
12831
14336
19147
27711
15706
10273
17251
14243
22651
9479
23741
13770
7586
24624
24125
7351
27148
17809
6177
27495
8943
17489
13519
20478
19572
20915
1134
4007
22106
9384
18823
17418
16544
21793
23946
10436
18036
16799
9966
7016
24598
5019
2463
4280
7398
7758
26427
13771
14367
13636
17786
19044
6800
9692
24342
8701
27293
7598
25459
22921
16857
1935
23770
25402
17966
17144
14605
5244
10808
7984
24162
23535
18840
6466
11975
21629
4118
12395
5225
1966
1117
13999
20578
18565
11002
18760
3126
17443
11610
18413
27326
12798
25865
4730
27795
27092
18423
3606
745
12474
24782
19710
3702
17082
25025
3403
23581
733
8479
5534
2731
17639
15872
2535
26586
14655
10691
24496
11385
1892
4327
18568
24735
5300
14933
16201
11027
10661
26733
2495
10374
20675
18170
2955
27368
14092
24890
1243
19142
5816
15053
19318
2478
10097
26386
20556
22859
10929
27499
24306
5924
8120
11265
1798
17882
10625
18105
1588
3639
23553
1980
11257
10987
16886
2870
16940
13205
24037
22206
2383
17337
16827
16216
26103
6787
12000
15495
3588
6748
8904
26175
14622
26098
3798
8324
3034
16487
12056
16344
6071
18702
20175
9224
8896
254
27758
6720
20615
3120
5127
25395
27345
2520
6420
15572
11352
21070
2532
17676
22523
12221
8270
11471
20157
4979
7381
18881
12027
11308
3320
10000
4076
26765
25573
5253
10682
10461
10856
1893
25804
16122
19808
6850
18233
8470
24687
13832
17071
25106
14709
6709
7419
17192
8906
22385
11612
20349
9241
8733
5015
3509
13199
18539
18467
10424
14767
5627
25440
21330
25153
17255
3097
10086
6610
9208
10175
9286
23675
13303
3343
10246
7005
8590
629
22779
5528
8998
5831
13296
19023
26851
5192
25429
5745
17436
23746
11540
11539
13568
25896
25592
18389
25451
27628
8815
2320
15666
9937
3161
4701
18629
12576
11009
13003
988
14105
13317
13904
21723
25716
11662
1540
5663
16259
6971
3583
582
8617
8953
3278
25791
10495
12122
20957
16501
25593
19215
18580
13368
9212
1811
2202
18366
11556
4436
16293
17344
20825
21804
20038
4795
9236
25987
23074
9763
10750
16109
5901
6933
12782
5312
18197
27460
18535
3164
10601
26680
879
17846
2861
16313
10540
5727
17504
8419
13703
25852
25829
14680
12033
18610
2407
15934
22169
14522
22067
14006
21253
8586
21079
27165
20447
27707
17795
11897
11435
5840
15462
19189
558
13334
10748
22076
18419
1828
4872
21962
23737
1503
22166
17760
25389
17068
4065
3987
25770
18101
25709
8736
5183
8796
20486
21856
20964
12843
15146
19790
1054
22607
1074
27630
1169
12888
13941
24061
5961
16456
368
3953
16273
8103
995
11869
27768
14814
11963
14912
18348
21870
21726
11019
26744
10751
3905
2613
1240
4474
6175
3304
8024
380
3537
20272
20510
14714
23015
18732
6261
15470
1461
10946
3740
5397
19070
10096
17783
584
4102
6458
26397
469
10564
17049
26916
16905
6229
14569
19989
16470
17701
392
3146
4267
22983
7059
1965
1361
12604
13580
10042
18238
9513
14175
3427
18786
7071
18619
8036
10455
6195
22917
1258
14169
7028
8472
24127
25257
8261
22662
9924
18774
23159
9143
4434
8325
15281
5216
24703
1738
851
10595
14487
5159
19785
23682
12557
27018
9255
7054
19708
9005
2655
13705
15785
26855
12357
4101
12002
26073
1920
24459
3506
344
4010
5108
13422
21846
5400
27131
5981
9437
8897
17836
1403
6763
3850
12248
16518
27232
5588
9250
23632
25441
23202
24709
6585
2094
3917
3237
8780
21943
5369
13598
25653
10907
21711
24730
4753
24654
5701
16031
26507
17129
27512
14633
16121
12833
979
2572
2385
15045
1850
2949
7715
18118
5084
26003
25047
6377
19055
16208
14817
7530
26443
8159
17952
20267
8543
16224
6780
10908
27567
21292
18335
11769
7188
23496
16146
9861
23886
17277
14042
15497
6842
21649
2904
25982
21316
24891
428
18286
8945
20558
18606
3842
12891
6587
14834
8025
27646
20709
16147
8418
1468
15008
23214
4020
13756
10372
20376
24389
26661
26441
27167
2095
8699
7293
1725
17096
21756
855
15208
16839
11038
24376
14944
22700
444
5870
5060
920
7179
7647
2263
3864
16751
19795
27724
24667
6860
25915
22033
19597
5561
17179
16874
3145
11028
18509
3810
6463
8463
5328
3347
17115
25346
22808
22469
21904
26182
16595
12472
16219
14463
24432
22669
15279
4459
1662
22476
22006
18328
22864
18900
1000
4999
5139
26797
21484
25960
22903
19783
13563
5114
1303
1238
15877
6111
2070
20846
18648
5802
9748
13745
1751
8792
23324
25226
21300
17256
12903
6818
7328
15130
13014
17697
13849
24050
4536
21718
26002
1561
22312
5272
11084
21264
10010
1023
17663
10382
24537
9601
3421
772
23878
26821
20791
238
21182
17496
22486
25684
22152
4882
10859
21784
14717
20976
14140
25646
26170
14018
23706
18360
26442
4694
3195
10067
20151
24204
22305
381
21011
25408
18740
25223
18789
27168
10892
18948
25476
21261
15644
13002
20654
7145
8014
1873
14932
23044
15473
1707
19547
22818
5173
9567
6376
10200
12046
26245
18404
1156
20741
26126
18433
20750
20876
5086
26470
2847
19919
7906
16362
1289
3420
18431
5772
1976
14221
15689
8717
13493
19350
19814
12564
1229
12062
24421
6845
20226
21443
10224
11382
19288
23229
14411
16076
19327
13723
18680
27461
21782
19387
18628
27215
23178
19804
24091
25763
8806
2058
17558
12492
6168
27599
11925
24361
5112
23303
13915
26101
24220
16752
23809
15433
27191
14870
26555
22970
12089
25900
20230
2832
20641
22376
23684
2381
7336
7536
9344
9060
23880
12288
22824
5827
1111
26467
13388
10293
12152
21755
21503
16193
7357
5291
11786
25088
8821
16859
9343
11781
20497
7375
6552
23356
15994
21296
2266
27453
26505
11982
26110
8309
6560
16149
25638
15259
18298
8985
7853
18972
14015
21925
24053
26081
24121
23442
11074
11892
810
6785
11328
12598
1067
10709
22037
4154
10364
1057
7668
289
4584
19888
6863
11552
23690
7361
20559
8370
2277
20305
2329
15013
21013
9104
11920
20114
19568
22776
22054
19784
5366
16960
17191
21278
6942
23508
14305
11206
8422
13047
2182
23990
12124
8368
23344
15837
12159
18572
24292
25165
556
13397
26859
20102
5861
13406
15034
3056
17175
3936
26307
22542
8075
19403
9814
17236
9675
26433
23135
24585
24224
17159
25551
24107
12834
18796
8732
16706
18111
22365
12850
5181
11615
5223
24192
21470
11156
21009
13285
6410
2601
14542
1422
27545
6542
10403
4088
2371
7285
13447
10168
16360
26659
961
14228
12724
7440
14205
25204
6191
5703
3172
20810
520
18510
16944
15791
5007
20441
26540
16117
24999
23131
4822
9930
2993
2190
19028
25651
23889
6710
25189
660
6749
26331
9119
22786
17958
26271
8782
2219
11021
17130
14674
23512
6963
19511
20203
9665
2274
17556
19939
15098
5065
26882
2378
21257
18219
22984
2964
11991
22209
12793
18182
11081
1329
24319
9151
19733
26085
19482
12660
23718
6736
24613
1889
13517
24392
4488
5746
20406
905
14125
9509
625
21560
23445
26075
16045
3824
11871
4686
9180
19381
25579
17148
26605
20283
19415
11940
16457
24832
19145
11993
1345
24684
13326
6945
4687
20334
3040
17266
19876
18886
27106
26407
15623
14191
20326
128
16558
5177
7620
15338
1456
9035
7726
15852
25975
12969
6158
6848
14321
13726
20071
22839
11264
2508
9478
1630
26949
11062
5352
15118
12418
23968
21603
26714
5639
14035
4408
6393
23594
2914
18639
10494
7266
20427
1648
8871
19768
26132
21944
11246
730
23677
10054
18029
7326
17460
9307
26633
25302
17260
12273
6366
22055
14953
20123
161
10284
27584
7721
25347
13037
9522
6886
21814
5269
22426
9562
13762
26610
19608
22931
10129
16497
3367
4565
21966
15861
27783
21439
7532
5022
15487
26440
4515
16054
27292
2784
21265
1244
15704
2450
18860
1502
22311
3016
5473
16937
27086
607
21894
621
887
13951
14508
14848
24517
1030
9862
15739
20010
22345
24178
25800
20697
25792
7850
1058
16269
1665
10294
24026
8691
8713
4990
6690
5686
12076
7707
13988
1957
27458
430
9213
4150
2406
18801
2049
15190
23184
24629
13777
658
16774
26942
21252
26909
25070
9724
20894
18708
4873
11272
13887
13159
17041
18555
21193
22855
13644
26686
16515
12193
12714
17484
2348
1762
13667
20199
21375
26087
24259
25998
1616
9791
6764
5224
669
12275
21334
27174
23634
4354
17039
19538
2614
11831
14127
2203
13304
14376
3825
26590
1833
27313
9484
18733
21413
25842
21164
20104
14987
7936
12875
21919
5237
23619
19931
8555
16365
5733
14488
8520
25007
23651
16354
24052
21003
19821
25163
26284
21120
17139
204
6142
2418
3679
11144
6291
11244
26983
27434
4235
14554
4460
21741
13879
26185
22625
13668
12753
11577
8643
3611
21613
23252
4593
16687
13367
1718
8955
67
27250
15774
23716
15422
19843
9915
25357
12762
17507
2785
5662
3301
13099
26722
19555
2729
13170
21035
2734
4976
20544
23334
20398
12915
8655
19212
172
22538
19400
21572
367
19451
11462
14466
17021
8847
7803
4611
6409
18306
1280
4971
8642
17137
13962
7592
11538
26394
7546
6950
14032
25881
10066
3339
17318
21573
20439
6276
19500
8367
12516
1925
15486
12586
18370
15409
26508
17464
21224
24630
10702
23237
3284
8671
22191
696
12670
20549
1780
10713
6820
11279
10523
16966
24119
4570
9659
7097
9582
26878
3843
14461
20776
202
4105
13226
27659
16135
10036
13816
26393
5409
12773
5431
2441
22724
6755
22042
20676
8859
12063
2798
11263
23415
8990
13871
6992
6372
7783
9435
8347
15188
25761
8991
15274
16027
20583
4242
7911
15245
3817
10033
23579
15434
438
25201
8500
15201
12681
11314
14189
7269
12530
9092
12190
16343
27169
17227
4950
24928
6902
8332
6278
17111
14198
18472
21231
25281
6750
1587
20098
13414
25622
23447
3804
12705
5111
4435
17067
27031
10899
16241
22790
23390
4432
16933
27653
9277
18597
4885
4736
11444
26613
8084
21143
19564
10534
13621
21340
27415
22419
25387
27173
10766
27184
7224
26233
17714
7771
27617
25232
14093
23865
1862
26183
9711
23441
7060
20369
5441
13654
7942
15967
21790
20789
17393
12270
1078
17591
8722
10248
17907
21640
7183
23029
20130
22176
15854
15250
15224
24012
3514
13155
10634
7794
26058
20735
13571
10197
20659
27708
5338
3696
17446
278
10379
20655
14557
19331
707
15129
19333
5624
24639
16773
12771
20730
18153
9237
22261
18013
5281
771
17108
14983
25436
11400
20557
21697
16377
10792
24749
16753
19138
3726
5064
738
3674
15907
2299
27407
13524
24580
27161
23467
19830
19959
14249
9050
2403
25501
14650
1418
5484
13029
16493
24165
7994
7003
25112
9947
4626
894
9136
16756
9399
14676
18304
8306
12417
12386
25183
9069
23401
3037
16163
21032
27149
12949
25758
9130
7889
1428
23313
1505
3216
23738
13391
18736
448
26313
18087
4659
1831
14485
4246
22520
15084
11157
1774
21114
20
25883
2
12167
7240
316
20924
14418
17806
14139
611
845
26354
12238
19203
9933
62
12394
16125
5532
15520
10306
11458
14174
10919
9377
5250
1398
10958
27598
22823
14050
234
11632
27021
24499
8060
2476
22277
21113
3395
17860
729
17927
6896
26807
5319
22394
10589
26027
27519
21749
9734
4651
3684
21562
1643
9849
22143
12536
20223
14213
14574
22507
23772
17790
9658
7972
6312
9523
2646
8918
9901
2836
635
27788
4113
20072
23715
11527
8752
18276
20172
25764
20598
12989
4680
5243
25360
25328
5668
26994
25380
20953
10242
14518
26969
21982
3307
523
6085
13469
19988
10758
26566
4188
15869
1360
10596
25284
8321
23980
10473
8799
19073
2380
26720
1713
597
23215
26883
14200
10747
24424
5891
12301
22058
20033
9081
10161
5593
24813
7752
21928
21087
7100
16447
3724
7839
23807
18236
20775
21787
27391
22697
13147
7153
13443
21518
11746
22969
27500
8473
10449
9043
26289
12599
10843
1931
15061
21910
16229
6701
25769
25929
13348
9441
14071
20660
22683
9121
11169
11858
14057
25920
25479
21533
25099
3967
5938
17848
4027
9267
26033
24131
21821
903
23409
17569
2039
10304
214
8578
9314
24841
20636
15402
1116
6335
403
16093
7860
20444
2786
27547
9103
19013
19031
25629
1896
24166
18119
2233
11369
17900
1309
21730
7663
26345
19143
27656
25198
22913
5199
17461
15844
8668
22253
3552
20227
26551
27120
13289
374
7549
5078
24110
14292
2812
3207
2079
182
14829
6339
12700
21669
18491
21188
19995
8929
12614
13379
12026
22861
2703
14981
18014
11321
27580
20681
2086
7512
16801
11011
27207
22857
2505
20403
12153
535
21062
9667
21027
14719
5187
10349
3539
888
26277
17753
4353
27779
8385
13850
8336
10972
1450
27712
4402
13497
12037
9281
7747
15936
19836
8380
8870
15296
3401
19537
10518
20233
27259
19329
22075
16598
8921
5262
27432
22241
20790
18902
13596
117
6677
12841
1160
22066
109
6799
10157
20508
16189
11426
26648
3783
22446
23860
2979
16928
18191
10888
9379
3046
20683
24450
4178
12456
26657
17389
13614
4466
14741
10718
3942
26370
9163
2500
26189
14055
2433
24399
13581
3258
23812
12913
22993
3691
24324
12595
5515
18318
5753
25924
1916
24670
4616
22950
25754
13868
23427
7717
2578
5492
18145
3461
11049
24080
21492
23293
16580
19519
6637
27445
16681
27012
15817
18190
1722
20243
17468
6545
10833
10362
22237
6646
1537
4545
5074
23246
9327
4234
20208
25472
19626
16043
30
18696
26032
27158
123
7456
17288
27666
27170
26828
10270
20053
279
11397
27409
1687
6580
4918
13429
15779
22882
17097
27139
20982
21956
15665
26839
26816
9492
4164
8551
19587
1895
3762
24097
24532
373
17424
23740
7386
16606
11706
26759
26708
19141
19422
968
18958
1638
16733
14885
544
2430
16158
23310
7270
22942
19114
174
17506
18961
17185
5329
12041
25001
4116
8409
13558
6652
24155
16498
24316
9875
22078
6846
5866
17801
19474
16561
20004
22745
25863
20195
6454
18906
4141
1098
5594
27757
4907
4306
19528
4941
3025
2583
7525
25332
19036
13247
16591
5
12641
15834
10491
3877
12856
1913
26831
10474
26826
16370
22417
23899
567
11180
21016
2162
21199
5652
19188
38
4649
11712
9645
24008
412
4819
21137
20966
13545
10802
7988
10845
20626
19793
13659
16375
13682
21912
4785
26925
26409
420
27016
4481
11828
9055
4172
1598
3299
8452
4080
11678
20485
9045
11824
10746
15062
11126
17921
23405
14737
25554
3533
1306
12483
15141
26904
18828
11559
22762
18791
19049
6514
17868
8527
2754
10442
13764
7107
25273
1606
17730
13185
14309
15916
10015
3140
5012
18129
26824
26986
22461
1724
12096
6254
11863
7501
19532
8762
12686
14535
6795
13022
16749
17197
14532
19046
16329
4282
24675
23858
7194
7781
6626
2504
21957
11168
22202
25248
20363
5050
23550
4146
5829
19445
20913
4977
24939
11676
3923
9508
5688
209
4446
26301
23017
21754
15037
697
15593
2366
23843
8971
22551
23542
4276
15502
13335
398
11961
10376
14496
9373
15089
16810
15057
8819
24488
23461
14347
6029
18548
25934
25304
1784
3622
23600
16866
18279
7108
27693
6881
8997
11260
15234
23641
4619
632
25728
11096
14776
5170
21687
4722
24420
27252
13755
10791
9580
16539
20101
26973
27301
12970
5522
13437
13227
16277
6596
10836
27157
6036
20324
19956
24768
23876
4581
27201
14977
5648
25079
4003
15865
23341
27190
26625
24519
21596
8923
4962
7796
22445
10851
19748
10193
2787
26256
19846
14380
23576
4189
12837
5864
26022
17524
16080
8231
2894
23158
19789
25015
11677
18450
27587
7712
27703
18923
27689
19004
9352
11872
637
14604
21794
15484
19665
19730
325
24951
15638
26197
26322
13001
12489
5671
7101
10513
2323
4703
20412
23099
7156
14639
23751
13680
11964
9172
22512
8232
8111
6432
22182
25580
12746
2334
5605
12210
4987
27366
24101
9940
10679
16903
2358
10025
16853
19614
4660
9545
19062
19390
7161
22404
23449
6073
9329
16326
4110
4383
22690
25918
22516
2372
3327
18707
20365
11779
4528
21101
3526
21906
17844
7301
12581
27224
309
15301
16964
15453
13927
23840
4667
24215
11696
23057
10255
18671
2510
18997
20807
18331
5797
9431
14479
3759
22342
27472
24444
27141
13615
8977
21471
18329
19782
8940
1149
16337
222
23004
2077
6762
4838
7653
18386
25948
24562
10776
21449
9686
14828
6294
93
26162
8391
24616
20234
26113
11735
19518
1404
1413
17479
1586
5773
4163
18960
16876
606
26939
116
27017
3836
4735
26542
4860
10719
22693
15599
16616
16353
3014
25091
15426
18198
5030
12967
7761
23113
27067
14715
2331
26577
10605
13589
4678
5486
25011
15386
25494
7910
25010
22929
11838
23752
13763
26092
11131
9182
11467
24748
19984
17090
39
20269
3457
7390
18665
16586
3254
27791
24398
6732
14298
25240
24173
19669
16618
19202
12749
7342
2396
4566
13758
27069
19177
17263
21713
4892
5786
1485
23525
5841
14939
15335
27378
15075
16206
6371
26431
20239
7812
22431
25664
18351
11999
24485
2539
8185
15630
8255
9366
9770
14083
7020
8497
21529
15804
16397
19092
21714
2935
17462
11807
27591
4550
6639
9898
4813
20442
3837
20944
20289
23102
13684
10101
24701
14994
24751
1190
19366
9677
3638
3615
1844
14710
13622
26015
20738
271
22554
371
17735
22665
4264
7608
475
25469
23859
23465
25831
10359
8444
3
10310
20878
4067
58
15287
11110
26130
18130
21555
19707
25782
14082
11602
24231
21550
5249
2173
19344
22302
10934
15618
14744
12280
22022
2466
1583
6898
7278
8894
184
15615
26115
19269
9762
86
23673
404
22692
16401
1394
14686
12551
20644
14320
27271
7550
15022
3538
4311
9989
7466
8575
24187
20811
12776
17698
27723
14883
24457
25285
16324
13691
14468
17726
18307
26758
8844
10265
17561
687
24509
24883
17948
12196
27631
25315
3513
23050
14918
19110
22954
18393
13230
1551
16665
23437
22413
4778
11898
19462
4884
15730
3876
23739
16083
12675
26529
6023
8494
21205
26382
9761
8047
11826
11655
6380
11365
22265
13973
27573
21588
9559
9429
8211
6819
24144
20661
25490
9874
5977
3365
13339
7671
11928
4592
7318
1569
6713
20665
1982
14615
18041
2013
17654
3470
2536
12277
16011
24520
27546
208
8386
14499
3566
21802
23994
4122
20153
5967
11075
10548
2732
14168
24115
21625
15496
9568
11460
13577
2038
3397
54
22290
9039
2783
19839
20597
9793
20076
24535
1952
4078
24379
16295
14077
21103
24137
18006
6303
8620
22150
15944
9147
10667
22716
1803
20827
15469
8768
14078
24752
26721
2312
158
11139
19517
20947
6852
22192
1688
13318
21848
17876
8388
13963
5378
27404
12936
14410
18607
6009
2060
10911
6013
18513
12381
17702
10489
27624
1332
15464
22870
14073
1584
3389
3954
22281
11652
20459
20056
12940
23046
19053
27748
17618
27054
20893
21993
12043
6441
2389
26710
15547
9002
5879
11269
10119
3978
13801
15140
3888
7121
7540
13990
13460
25063
1230
4861
3336
14378
10708
1664
25243
24853
2340
23867
23733
19379
9623
10192
27351
2106
15443
8761
4162
27382
11258
9440
21317
7279
27654
27402
18453
18869
5140
14051
24296
18522
18820
10470
19604
11916
6553
21761
3287
22114
1406
26509
5133
13829
7573
6862
23914
4561
10365
27674
15031
18294
1552
21331
7890
9346
15921
17940
25289
21149
26124
2063
7463
2988
15249
10448
27513
18202
21949
20768
27504
5965
18781
21564
10231
27119
17093
14095
10419
19560
8299
22004
14931
6309
22444
5915
19245
8314
20122
6823
16913
20107
24649
8329
12028
19780
737
22798
13678
22415
5606
19798
22451
22045
13964
26330
8980
27636
7191
2580
27145
7109
7745
25133
4378
19495
18990
21364
10850
17629
201
978
3189
17557
10016
11654
18057
3133
24977
14295
14152
19005
13470
3838
17822
198
24677
17328
13882
508
15558
16441
16625
10531
18566
9931
13595
8201
9674
20756
525
5386
21934
25368
19800
3505
20078
15752
4572
16405
23258
17153
24717
22648
3563
11041
4390
23711
16402
27103
5859
1986
27006
18021
26537
23883
24820
16309
26575
27285
2815
13656
9351
14808
11935
1909
7813
25173
26254
15980
2255
3949
22295
19849
24184
15388
14495
985
9191
24574
21391
21260
21457
5002
1382
10868
23521
9642
14546
13676
8659
14237
3138
9206
25156
17454
3440
9142
15207
5226
20280
5377
19008
14303
17891
21078
18060
14011
24477
21367
15676
14916
10664
14009
6201
27728
6038
8374
16078
11001
16184
9629
14039
4326
13662
22402
14104
15430
3517
26486
18480
16721
6625
22968
16010
6404
21146
5712
5113
27379
19510
17832
6592
23995
12010
10482
2355
22131
22077
17127
4514
1445
23009
5035
21672
7137
22270
3447
1715
22577
26933
3115
19866
22887
895
12283
3852
23363
2341
20574
17164
21333
27691
2411
19674
13912
5902
23614
22046
11384
23109
7078
19010
8119
8635
20185
6885
10315
12583
19392
3688
24063
22854
22437
6822
18326
12902
18534
2432
26547
18573
23961
16218
5129
7254
7882
14952
17765
19714
1029
11297
22980
7660
16458
14268
619
19488
27606
11525
8979
4392
18767
7713
22151
15333
6384
20646
18046
1973
3238
5383
13576
24033
8217
26196
6401
13279
22812
10190
15571
17121
18075
15283
10131
10091
20165
15198
5785
20284
767
8263
26992
13423
6274
16392
26873
23610
24195
4370
3122
1852
7869
15452
7555
27764
18256
15823
1562
27420
7506
23527
9269
26059
15609
20396
25292
23703
13499
11718
18618
11806
25394
5454
986
22346
13292
21242
20057
19084
299
14787
24032
14915
18297
25110
26612
1595
11877
5362
4054
16658
26757
2926
14712
7898
20761
12540
27034
25245
5355
23999
22831
8083
22254
16115
24136
20336
2924
11068
23598
6238
11926
25145
3653
12622
1434
16442
4696
15332
2084
15228
17666
1621
25100
16133
20011
13173
9652
26646
3453
1524
6821
8992
8398
12341
11643
12603
24429
8984
25307
8798
12407
10545
3619
4463
8647
8442
8698
20209
24141
4839
15235
11625
23452
13045
19656
2724
6957
11483
18058
578
2696
4121
20149
2346
12098
8648
6319
25305
27153
6164
15583
4173
3466
24249
4253
3134
3200
23790
20822
18830
702
10501
17601
14415
18146
27668
11933
9620
23778
18005
14025
7986
24861
4059
9012
16152
4983
20058
26907
26296
26072
2674
334
14826
20198
18079
26609
9689
8852
15735
8005
25218
4553
21256
16672
1231
6387
17704
8602
19700
5239
20407
20739
14748
17761
25444
3694
9223
5676
255
22899
8293
23481
27077
17259
18697
1988
5921
27416
18133
22841
5975
27105
14698
24572
12633
3267
4362
16055
9044
22001
22557
9809
17693
7705
6156
7155
20877
14519
10421
4928
12723
4204
1824
12797
13462
6162
1727
9375
18414
24772
14271
26706
18356
9462
20250
16798
4191
3057
12497
15981
17463
22720
21657
13471
17423
25739
11030
4092
25614
14728
25470
21892
22694
4879
11058
3430
8125
78
7484
973
15838
16652
18333
12490
17638
11381
3775
14528
610
15562
19026
16328
22614
15950
5082
21989
19152
25137
13042
6543
8392
14759
14947
14163
13809
10366
19779
7432
15378
26029
849
11469
7927
11907
6460
21293
13473
15531
24474
27422
3312
1912
2275
18096
6660
25623
11550
3909
4161
12092
16865
12075
1381
248
26641
16073
3582
9808
1507
15280
26635
16188
19373
20836
9566
10417
25981
18446
20891
10768
274
23355
21537
4131
23762
21127
2126
12943
9805
22972
13314
13860
1689
26420
6400
13560
2950
27413
17856
13084
11241
25567
22978
17134
1987
17643
19444
24373
1508
12555
1511
6247
9797
25693
22805
9602
15643
10467
9729
21729
6074
12585
22660
19967
13260
22544
4103
14865
15812
9364
8709
27189
11428
1677
7018
5466
9972
27023
13698
7035
7181
14342
1446
27720
100
24062
21929
10325
15784
3518
10237
24359
16002
21238
8487
16779
13628
17937
15671
27257
3512
21813
24394
6316
9132
19317
2301
17163
26865
4439
27480
6661
11547
7096
24601
9013
25631
6418
14030
19895
22485
1237
20695
18794
9421
19198
23674
5126
26844
24968
19955
6447
26719
1939
7604
9581
7967
7516
14509
27179
10706
18007
4919
17993
17245
25188
16990
10440
25271
20318
26669
20764
24704
15478
24406
21479
13120
11608
20863
327
24312
6231
4997
17058
3803
14014
4138
19286
10529
6958
7165
21852
7019
1699
18884
14053
15189
19735
7876
7651
16407
17403
22474
20737
450
15760
3044
10276
17110
9363
8382
24206
14325
26462
20516
1609
9821
1268
10388
15933
13357
11125
17000
11599
11820
23536
16920
15650
16998
17234
797
13082
3311
8155
22011
16965
14307
3036
20621
15458
21535
6198
4844
12268
4391
22832
26838
10959
4277
6873
15046
26047
7851
22211
2992
26654
10446
12424
9555
23457
2688
24258
9897
1809
11665
1492
1357
15870
1173
12397
4049
14801
13977
5029
11834
19829
18134
19117
2567
13940
26148
17815
1838
4042
27451
9220
6290
8241
23234
6802
19702
10642
4231
16863
8238
18545
21674
20606
9527
16023
13943
18206
2042
16982
1269
23747
910
12857
13549
22321
7410
1159
10695
18461
12799
27399
14927
22216
24139
22301
15324
9743
17338
568
9804
12960
17309
25899
19915
7746
10799
3152
17065
6489
20095
27640
15886
7934
8311
24561
2933
15826
5110
17852
17267
7769
21348
20320
24516
19276
20300
12649
9557
9282
3503
8344
12687
24133
1150
6997
26616
2148
14524
3574
22465
11266
14334
6740
19015
22138
9404
16242
1401
15170
22112
25036
18805
5803
8436
12962
16769
3199
2629
5620
17957
206
591
24410
19920
14898
90
12652
17644
25052
8511
16910
24533
5076
5041
26818
11702
5887
7489
20491
6252
17304
2258
7345
25832
5645
7353
25452
3429
23060
11952
6402
19131
26404
6295
14989
15065
11401
7454
19218
2634
4301
4089
27270
10591
20075
6415
25603
12055
24697
20322
15256
12299
5507
24894
23079
1496
3361
27502
27052
26626
5766
11798
145
19514
21893
10346
12907
5257
16431
26762
9999
18898
12022
13498
13112
25277
7187
4562
20024
12400
9209
23210
12249
17087
7026
8371
11846
23965
1051
12206
1998
3381
26084
1341
12838
11661
801
11860
3716
21882
26464
7316
26445
26815
24807
2860
26585
5094
19447
15692
20362
3399
15718
17526
17024
26977
20454
1676
17002
9731
18228
21874
13085
15248
25083
2967
15677
7170
11576
8576
23182
6607
27048
5899
4842
19029
9390
18918
21816
16475
14878
18287
26760
4718
23417
4697
18285
10020
22723
17648
24834
20419
654
15242
14389
14940
22356
3854
8000
22472
1201
15690
24655
2905
14596
22593
3732
1959
10148
22495
11697
3821
27465
14446
8524
22876
19021
23168
8566
23471
24189
5912
15627
22956
9654
18550
12038
19404
13396
18166
14751
17863
16387
21133
13709
20580
23797
14906
15088
25209
20054
7667
4850
12763
14844
13354
23329
1983
9096
24156
2513
23433
11377
8226
8704
12232
7611
18016
8827
3766
21710
17016
2828
1763
7539
6671
24934
26594
7208
15568
5009
20962
7372
15066
27107
6960
13351
9811
5517
273
13427
25894
4043
8298
22484
24614
25973
1470
22398
6090
27338
25952
13298
24581
23802
12722
9538
524
14178
18388
14559
3676
21398
21159
13442
4585
16347
1813
1693
3156
20918
2650
18905
4197
2996
25256
26117
12992
12804
25993
23393
7175
17965
17451
3053
7895
3758
6179
13145
13874
12624
11054
17881
22689
18638
10163
377
25636
11472
24947
11163
14648
16738
22348
14573
27759
20923
20040
7128
14505
15457
3340
2774
322
12120
8523
5762
21963
1291
7009
7673
26847
11637
4978
23622
23375
18821
16978
3279
21775
11673
25797
72
19253
10332
6752
4114
3933
21069
2103
5327
5010
22235
25843
25150
8384
23261
7494
8881
9507
11701
19024
16454
5373
6938
16575
26890
25417
24089
16532
1533
10752
24372
15626
19108
23078
1993
25255
16037
6221
12436
3655
2089
11669
22366
27618
23145
4342
6614
20079
27330
11311
21738
16098
154
25823
893
12158
25777
20612
7130
5119
4943
19039
24642
19025
2541
9663
5776
14432
18164
13768
146
20087
23480
18505
5993
7881
16310
1857
13548
6680
14201
22940
26065
3400
21886
18602
10410
12227
25303
18473
2191
22860
24054
18511
8695
15479
27629
12751
23888
9073
19282
15998
22418
9550
9536
917
10458
1183
22889
2915
1217
498
4877
6488
25168
23569
25279
22711
8435
6342
26311
18674
21104
16052
1810
11024
24935
20657
19660
1655
8605
15343
18394
22802
27419
12204
2264
18561
8975
17433
9938
3491
16436
850
17413
8950
26366
12923
23500
6742
25190
7443
25203
25724
5612
15809
15535
9914
24544
19894
12066
19897
4139
598
11710
19463
22744
23180
23599
5952
6473
20954
5886
9782
17292
14284
7511
16504
26561
11346
23378
16075
23477
26041
16480
6186
20937
4290
17485
12442
16077
23066
11768
10263
17282
14991
20125
14809
22384
7903
11998
11290
21997
20029
26481
23650
23547
19978
7237
3428
11839
2846
1451
5837
26367
8892
4291
16918
20539
10578
13153
2164
15444
13820
10128
9227
16254
18255
26180
2486
14811
21469
6138
16939
2228
24199
24866
15362
17261
2858
2270
12572
25031
3865